0 0.233877 0.401465 0.125215 0.179518
1 0.111484 0.592272 0.080020 0.121758
1 0.199980 0.569043 0.087559 0.095404
1 0.416997 0.551471 0.097920 0.085365
1 0.364272 0.484316 0.107334 0.081602
1 0.651895 0.478040 0.115801 0.051471
1 0.784175 0.532018 0.086611 0.096667
1 0.756401 0.422806 0.057432 0.058997
1 0.700381 0.391426 0.043301 0.051471
1 0.886323 0.460462 0.049893 0.064023
1 0.698970 0.515697 0.059307 0.051471
1 0.772339 0.563945 0.080674 0.159766
1 0.376338 0.453561 0.153594 0.354388
1 0.520557 0.533398 0.116738 0.295000
0 0.236699 0.537917 0.243848 0.214661
0 0.765347 0.384141 0.107334 0.092891
0 0.414170 0.494609 0.176992 0.271146
0 0.182568 0.377240 0.120508 0.084115
0 0.373022 0.540124 0.634326 0.731549
